              precision    recall  f1-score   support

           0       0.67      0.73      0.70      1949
           1       0.55      0.55      0.55      1029
           2       0.73      0.77      0.75       187
           3       0.68      0.64      0.66       915
           4       0.37      0.33      0.35       276
           5       0.22      0.05      0.07       133
           6       0.37      0.45      0.41       247
           7       0.13      0.03      0.04        80

    accuracy                           0.61      4816
   macro avg       0.47      0.44      0.44      4816
weighted avg       0.59      0.61      0.60      4816

