              precision    recall  f1-score   support

           0       0.76      0.76      0.76      1845
           1       0.60      0.65      0.62       972
           2       0.72      0.71      0.72       168
           3       0.81      0.76      0.78       906
           4       0.37      0.44      0.40       265
           5       0.43      0.21      0.28       154
           6       0.31      0.41      0.35       168
           7       0.40      0.27      0.32       117

    accuracy                           0.67      4595
   macro avg       0.55      0.53      0.53      4595
weighted avg       0.67      0.67      0.67      4595

