              precision    recall  f1-score   support

           0       0.70      0.74      0.72      1875
           1       0.53      0.64      0.58       965
           2       0.93      0.57      0.71       151
           3       0.68      0.72      0.70      1005
           4       0.50      0.35      0.41       267
           5       0.38      0.18      0.25       136
           6       0.48      0.27      0.34       240
           7       0.30      0.20      0.24        75

    accuracy                           0.64      4714
   macro avg       0.57      0.46      0.49      4714
weighted avg       0.63      0.64      0.63      4714

