              precision    recall  f1-score   support

           0       0.78      0.74      0.76      1874
           1       0.57      0.70      0.63       907
           2       0.80      0.76      0.78       154
           3       0.75      0.75      0.75       838
           4       0.50      0.49      0.50       247
           5       0.40      0.41      0.40       143
           6       0.52      0.34      0.41       254
           7       0.23      0.20      0.22       103

    accuracy                           0.68      4520
   macro avg       0.57      0.55      0.56      4520
weighted avg       0.68      0.68      0.67      4520

