              precision    recall  f1-score   support

           0       0.71      0.82      0.76      1820
           1       0.67      0.50      0.57       879
           2       0.67      0.71      0.69       148
           3       0.67      0.80      0.73       816
           4       0.52      0.36      0.43       235
           5       0.55      0.56      0.55       138
           6       0.57      0.29      0.38       239
           7       0.22      0.17      0.19        99

    accuracy                           0.67      4374
   macro avg       0.57      0.53      0.54      4374
weighted avg       0.66      0.67      0.66      4374

