              precision    recall  f1-score   support

           0       0.70      0.81      0.75      1874
           1       0.57      0.65      0.61       907
           2       0.83      0.59      0.69       154
           3       0.76      0.67      0.71       838
           4       0.45      0.29      0.35       247
           5       0.47      0.31      0.37       143
           6       0.50      0.33      0.40       254
           7       0.10      0.04      0.06       103

    accuracy                           0.66      4520
   macro avg       0.55      0.46      0.49      4520
weighted avg       0.64      0.66      0.64      4520

