              precision    recall  f1-score   support

           0       0.65      0.81      0.72      1822
           1       0.53      0.56      0.55       934
           2       0.54      0.35      0.42       148
           3       0.72      0.69      0.70       978
           4       0.43      0.18      0.25       259
           5       0.64      0.24      0.35       133
           6       0.66      0.29      0.40       229
           7       0.32      0.10      0.15        71

    accuracy                           0.63      4574
   macro avg       0.56      0.40      0.44      4574
weighted avg       0.62      0.63      0.61      4574

