              precision    recall  f1-score   support

           0       0.66      0.80      0.73      1820
           1       0.53      0.48      0.51       879
           2       0.50      0.32      0.39       148
           3       0.67      0.75      0.71       816
           4       0.41      0.14      0.20       235
           5       0.52      0.33      0.40       138
           6       0.52      0.34      0.41       239
           7       0.33      0.14      0.20        99

    accuracy                           0.62      4374
   macro avg       0.52      0.41      0.44      4374
weighted avg       0.60      0.62      0.60      4374

