              precision    recall  f1-score   support

           0       0.70      0.82      0.76      1875
           1       0.62      0.60      0.61       965
           2       0.69      0.62      0.65       151
           3       0.70      0.75      0.72      1005
           4       0.54      0.28      0.37       267
           5       0.55      0.20      0.29       136
           6       0.52      0.32      0.39       240
           7       0.29      0.12      0.17        75

    accuracy                           0.67      4714
   macro avg       0.58      0.46      0.50      4714
weighted avg       0.65      0.67      0.65      4714

