              precision    recall  f1-score   support

           0       0.76      0.77      0.76      1894
           1       0.62      0.71      0.66      1001
           2       0.77      0.70      0.73       180
           3       0.79      0.65      0.71       887
           4       0.61      0.49      0.55       267
           5       0.37      0.47      0.41       128
           6       0.47      0.37      0.42       238
           7       0.14      0.23      0.18        77

    accuracy                           0.68      4672
   macro avg       0.57      0.55      0.55      4672
weighted avg       0.69      0.68      0.68      4672

