              precision    recall  f1-score   support

           0       0.69      0.82      0.75      1890
           1       0.64      0.64      0.64      1000
           2       0.88      0.53      0.66       175
           3       0.73      0.77      0.75       928
           4       0.54      0.31      0.39       275
           5       0.36      0.10      0.16       159
           6       0.39      0.31      0.34       172
           7       0.37      0.17      0.23       122

    accuracy                           0.67      4721
   macro avg       0.57      0.45      0.49      4721
weighted avg       0.65      0.67      0.65      4721

