              precision    recall  f1-score   support

           0       0.66      0.78      0.72      1890
           1       0.59      0.56      0.57      1000
           2       0.92      0.55      0.69       175
           3       0.68      0.78      0.73       928
           4       0.43      0.24      0.30       275
           5       0.15      0.06      0.08       159
           6       0.37      0.24      0.29       172
           7       0.40      0.10      0.16       122

    accuracy                           0.63      4721
   macro avg       0.52      0.41      0.44      4721
weighted avg       0.61      0.63      0.61      4721

