              precision    recall  f1-score   support

           0       0.77      0.81      0.79      1845
           1       0.62      0.63      0.63       972
           2       0.89      0.62      0.73       168
           3       0.82      0.86      0.84       906
           4       0.52      0.44      0.48       265
           5       0.47      0.32      0.38       154
           6       0.33      0.42      0.37       168
           7       0.43      0.22      0.29       117

    accuracy                           0.71      4595
   macro avg       0.61      0.54      0.56      4595
weighted avg       0.70      0.71      0.70      4595

