              precision    recall  f1-score   support

           0       0.72      0.85      0.78      1949
           1       0.72      0.76      0.74      1029
           2       0.97      0.57      0.72       187
           3       0.74      0.79      0.76       915
           4       0.77      0.43      0.55       276
           5       0.57      0.29      0.39       133
           6       0.76      0.36      0.49       247
           7       0.48      0.15      0.23        80

    accuracy                           0.73      4816
   macro avg       0.72      0.52      0.58      4816
weighted avg       0.73      0.73      0.72      4816

