              precision    recall  f1-score   support

           0       0.80      0.65      0.72      1875
           1       0.59      0.70      0.64       965
           2       0.85      0.81      0.83       151
           3       0.73      0.75      0.74      1005
           4       0.42      0.67      0.51       267
           5       0.43      0.32      0.36       136
           6       0.51      0.54      0.53       240
           7       0.47      0.61      0.53        75

    accuracy                           0.67      4714
   macro avg       0.60      0.63      0.61      4714
weighted avg       0.69      0.67      0.67      4714

