              precision    recall  f1-score   support

           0       0.64      0.85      0.73      1822
           1       0.56      0.66      0.60       934
           2       0.80      0.54      0.65       148
           3       0.87      0.58      0.70       978
           4       0.65      0.20      0.31       259
           5       0.38      0.17      0.24       133
           6       0.65      0.37      0.47       229
           7       0.48      0.14      0.22        71

    accuracy                           0.65      4574
   macro avg       0.63      0.44      0.49      4574
weighted avg       0.67      0.65      0.64      4574

