              precision    recall  f1-score   support

           0       0.69      0.76      0.72      1875
           1       0.59      0.60      0.59       965
           2       0.74      0.70      0.72       151
           3       0.72      0.71      0.72      1005
           4       0.44      0.42      0.43       267
           5       0.49      0.38      0.42       136
           6       0.46      0.28      0.34       240
           7       0.26      0.12      0.16        75

    accuracy                           0.65      4714
   macro avg       0.55      0.50      0.51      4714
weighted avg       0.64      0.65      0.64      4714

