              precision    recall  f1-score   support

           0       0.63      0.83      0.72      1894
           1       0.60      0.54      0.57      1001
           2       0.74      0.33      0.45       180
           3       0.67      0.72      0.70       887
           4       0.33      0.08      0.13       267
           5       0.44      0.24      0.31       128
           6       0.63      0.22      0.33       238
           7       0.61      0.32      0.42        77

    accuracy                           0.63      4672
   macro avg       0.58      0.41      0.45      4672
weighted avg       0.61      0.63      0.60      4672

