              precision    recall  f1-score   support

           0       0.72      0.76      0.74      1894
           1       0.64      0.62      0.63      1001
           2       0.74      0.70      0.72       180
           3       0.70      0.79      0.74       887
           4       0.41      0.28      0.33       267
           5       0.36      0.34      0.35       128
           6       0.49      0.32      0.38       238
           7       0.17      0.13      0.15        77

    accuracy                           0.66      4672
   macro avg       0.53      0.49      0.51      4672
weighted avg       0.65      0.66      0.66      4672

