              precision    recall  f1-score   support

           0       0.65      0.73      0.69      1917
           1       0.53      0.57      0.55      1053
           2       0.65      0.50      0.57       173
           3       0.68      0.75      0.71       979
           4       0.32      0.17      0.22       283
           5       0.18      0.11      0.14       165
           6       0.36      0.18      0.24       203
           7       0.36      0.11      0.17       124

    accuracy                           0.60      4897
   macro avg       0.47      0.39      0.41      4897
weighted avg       0.58      0.60      0.58      4897

