              precision    recall  f1-score   support

           0       0.70      0.76      0.73      1965
           1       0.58      0.56      0.57      1087
           2       0.82      0.57      0.67       179
           3       0.66      0.80      0.72      1005
           4       0.37      0.28      0.32       292
           5       0.26      0.21      0.24       173
           6       0.29      0.15      0.20       206
           7       0.28      0.05      0.09       130

    accuracy                           0.63      5037
   macro avg       0.50      0.42      0.44      5037
weighted avg       0.61      0.63      0.61      5037

