              precision    recall  f1-score   support

           0       0.71      0.73      0.72      1965
           1       0.56      0.64      0.60      1087
           2       0.82      0.50      0.62       179
           3       0.65      0.81      0.72      1005
           4       0.39      0.21      0.27       292
           5       0.28      0.18      0.22       173
           6       0.24      0.14      0.18       206
           7       0.19      0.05      0.07       130

    accuracy                           0.62      5037
   macro avg       0.48      0.41      0.42      5037
weighted avg       0.60      0.62      0.61      5037

