              precision    recall  f1-score   support

           0       0.64      0.75      0.69      1917
           1       0.56      0.57      0.57      1053
           2       0.69      0.29      0.41       173
           3       0.68      0.75      0.71       979
           4       0.27      0.16      0.20       283
           5       0.34      0.12      0.17       165
           6       0.31      0.27      0.29       203
           7       0.27      0.05      0.08       124

    accuracy                           0.60      4897
   macro avg       0.47      0.37      0.39      4897
weighted avg       0.58      0.60      0.58      4897

