              precision    recall  f1-score   support

           0       0.72      0.79      0.76      1965
           1       0.63      0.74      0.68      1087
           2       0.95      0.59      0.73       179
           3       0.75      0.87      0.81      1005
           4       0.64      0.35      0.45       292
           5       0.53      0.23      0.32       173
           6       0.45      0.18      0.26       206
           7       0.54      0.11      0.18       130

    accuracy                           0.70      5037
   macro avg       0.65      0.48      0.52      5037
weighted avg       0.69      0.70      0.68      5037

