              precision    recall  f1-score   support

           0       0.75      0.69      0.72      1822
           1       0.53      0.67      0.59       934
           2       0.69      0.54      0.61       148
           3       0.74      0.80      0.77       978
           4       0.31      0.25      0.27       259
           5       0.48      0.38      0.42       133
           6       0.44      0.34      0.38       229
           7       0.30      0.23      0.26        71

    accuracy                           0.65      4574
   macro avg       0.53      0.49      0.50      4574
weighted avg       0.65      0.65      0.64      4574

