              precision    recall  f1-score   support

           0       0.67      0.82      0.74      1890
           1       0.63      0.53      0.58      1000
           2       0.86      0.58      0.69       175
           3       0.75      0.76      0.75       928
           4       0.47      0.36      0.41       275
           5       0.34      0.23      0.28       159
           6       0.27      0.24      0.25       172
           7       0.25      0.11      0.15       122

    accuracy                           0.65      4721
   macro avg       0.53      0.45      0.48      4721
weighted avg       0.64      0.65      0.64      4721

