              precision    recall  f1-score   support

           0       0.79      0.77      0.78      1820
           1       0.52      0.78      0.62       879
           2       0.80      0.75      0.77       148
           3       0.88      0.66      0.75       816
           4       0.58      0.24      0.34       235
           5       0.37      0.43      0.40       138
           6       0.59      0.34      0.43       239
           7       0.19      0.20      0.20        99

    accuracy                           0.68      4374
   macro avg       0.59      0.52      0.54      4374
weighted avg       0.70      0.68      0.68      4374

