              precision    recall  f1-score   support

           0       0.70      0.68      0.69      1965
           1       0.55      0.62      0.58      1087
           2       0.72      0.62      0.66       179
           3       0.68      0.79      0.73      1005
           4       0.36      0.31      0.33       292
           5       0.28      0.15      0.20       173
           6       0.19      0.19      0.19       206
           7       0.24      0.10      0.14       130

    accuracy                           0.61      5037
   macro avg       0.47      0.43      0.44      5037
weighted avg       0.60      0.61      0.60      5037

