              precision    recall  f1-score   support

           0       0.72      0.84      0.78      1949
           1       0.72      0.76      0.74      1029
           2       0.97      0.56      0.71       187
           3       0.73      0.79      0.76       915
           4       0.76      0.40      0.53       276
           5       0.56      0.31      0.40       133
           6       0.74      0.36      0.49       247
           7       0.41      0.14      0.21        80

    accuracy                           0.73      4816
   macro avg       0.70      0.52      0.58      4816
weighted avg       0.73      0.73      0.71      4816

