              precision    recall  f1-score   support

           0       0.69      0.82      0.75      1890
           1       0.64      0.64      0.64      1000
           2       0.92      0.53      0.67       175
           3       0.74      0.77      0.76       928
           4       0.53      0.32      0.40       275
           5       0.32      0.09      0.15       159
           6       0.37      0.31      0.34       172
           7       0.35      0.16      0.22       122

    accuracy                           0.67      4721
   macro avg       0.57      0.46      0.49      4721
weighted avg       0.66      0.67      0.66      4721

