              precision    recall  f1-score   support

           0       0.70      0.79      0.74      1917
           1       0.63      0.58      0.61      1053
           2       0.54      0.76      0.63       173
           3       0.77      0.76      0.77       979
           4       0.35      0.27      0.31       283
           5       0.19      0.13      0.16       165
           6       0.30      0.30      0.30       203
           7       0.00      0.00      0.00       124

    accuracy                           0.65      4897
   macro avg       0.44      0.45      0.44      4897
weighted avg       0.62      0.65      0.63      4897

