              precision    recall  f1-score   support

           0       0.71      0.80      0.75      1845
           1       0.54      0.58      0.56       972
           2       0.76      0.65      0.70       168
           3       0.83      0.72      0.77       906
           4       0.42      0.25      0.31       265
           5       0.53      0.27      0.36       154
           6       0.27      0.44      0.33       168
           7       0.42      0.07      0.12       117

    accuracy                           0.65      4595
   macro avg       0.56      0.47      0.49      4595
weighted avg       0.65      0.65      0.64      4595

