              precision    recall  f1-score   support

           0       0.40      0.89      0.55      1874
           1       0.13      0.05      0.08       907
           2       0.00      0.00      0.00       154
           3       0.00      0.00      0.00       838
           4       0.00      0.00      0.00       247
           5       0.00      0.00      0.00       143
           6       0.00      0.00      0.00       254
           7       0.00      0.00      0.00       103

    accuracy                           0.38      4520
   macro avg       0.07      0.12      0.08      4520
weighted avg       0.19      0.38      0.24      4520

