              precision    recall  f1-score   support

           0       0.66      0.83      0.74      1874
           1       0.58      0.57      0.58       907
           2       0.90      0.55      0.68       154
           3       0.72      0.72      0.72       838
           4       0.52      0.38      0.44       247
           5       0.48      0.23      0.31       143
           6       0.50      0.17      0.25       254
           7       0.28      0.08      0.12       103

    accuracy                           0.65      4520
   macro avg       0.58      0.44      0.48      4520
weighted avg       0.63      0.65      0.63      4520

