              precision    recall  f1-score   support

           0       0.66      0.79      0.72      1890
           1       0.59      0.57      0.58      1000
           2       0.91      0.53      0.67       175
           3       0.68      0.78      0.73       928
           4       0.44      0.23      0.30       275
           5       0.18      0.07      0.10       159
           6       0.36      0.24      0.29       172
           7       0.42      0.11      0.17       122

    accuracy                           0.63      4721
   macro avg       0.53      0.41      0.44      4721
weighted avg       0.61      0.63      0.61      4721

