              precision    recall  f1-score   support

           0       0.72      0.76      0.74      1874
           1       0.54      0.64      0.59       907
           2       0.83      0.68      0.74       154
           3       0.71      0.74      0.72       838
           4       0.48      0.32      0.39       247
           5       0.43      0.32      0.37       143
           6       0.45      0.28      0.34       254
           7       0.20      0.09      0.12       103

    accuracy                           0.65      4520
   macro avg       0.54      0.48      0.50      4520
weighted avg       0.64      0.65      0.64      4520

