              precision    recall  f1-score   support

           0       0.65      0.80      0.72      1845
           1       0.55      0.47      0.51       972
           2       0.65      0.36      0.46       168
           3       0.66      0.78      0.72       906
           4       0.35      0.11      0.16       265
           5       0.50      0.19      0.28       154
           6       0.41      0.37      0.39       168
           7       0.31      0.10      0.15       117

    accuracy                           0.62      4595
   macro avg       0.51      0.40      0.42      4595
weighted avg       0.59      0.62      0.59      4595

