              precision    recall  f1-score   support

           0       0.64      0.79      0.71      1890
           1       0.60      0.54      0.57      1000
           2       1.00      0.22      0.36       175
           3       0.61      0.81      0.70       928
           4       0.51      0.24      0.32       275
           5       0.28      0.08      0.12       159
           6       0.52      0.13      0.21       172
           7       0.47      0.06      0.10       122

    accuracy                           0.62      4721
   macro avg       0.58      0.36      0.39      4721
weighted avg       0.61      0.62      0.59      4721

