              precision    recall  f1-score   support

           0       0.71      0.81      0.76      1894
           1       0.69      0.60      0.65      1001
           2       0.79      0.24      0.37       180
           3       0.62      0.80      0.70       887
           4       0.42      0.19      0.27       267
           5       0.27      0.27      0.27       128
           6       0.51      0.28      0.36       238
           7       0.19      0.14      0.16        77

    accuracy                           0.65      4672
   macro avg       0.53      0.42      0.44      4672
weighted avg       0.65      0.65      0.64      4672

