              precision    recall  f1-score   support

           0       0.74      0.73      0.73      1917
           1       0.68      0.64      0.66      1053
           2       0.78      0.62      0.69       173
           3       0.69      0.89      0.78       979
           4       0.34      0.41      0.37       283
           5       0.18      0.10      0.13       165
           6       0.30      0.22      0.26       203
           7       0.38      0.11      0.17       124

    accuracy                           0.66      4897
   macro avg       0.51      0.47      0.47      4897
weighted avg       0.65      0.66      0.65      4897

