              precision    recall  f1-score   support

           0       0.72      0.73      0.72      1949
           1       0.59      0.61      0.60      1029
           2       0.83      0.71      0.76       187
           3       0.65      0.73      0.69       915
           4       0.47      0.29      0.36       276
           5       0.32      0.39      0.35       133
           6       0.42      0.29      0.34       247
           7       0.17      0.15      0.16        80

    accuracy                           0.64      4816
   macro avg       0.52      0.49      0.50      4816
weighted avg       0.63      0.64      0.63      4816

