              precision    recall  f1-score   support

           0       0.73      0.78      0.76      1822
           1       0.52      0.74      0.61       934
           2       0.74      0.78      0.76       148
           3       0.86      0.61      0.71       978
           4       0.41      0.31      0.36       259
           5       0.55      0.27      0.36       133
           6       0.55      0.31      0.40       229
           7       0.33      0.25      0.29        71

    accuracy                           0.66      4574
   macro avg       0.59      0.51      0.53      4574
weighted avg       0.68      0.66      0.66      4574

