              precision    recall  f1-score   support

           0       0.70      0.80      0.75      1949
           1       0.64      0.62      0.63      1029
           2       0.87      0.48      0.62       187
           3       0.67      0.72      0.69       915
           4       0.43      0.30      0.35       276
           5       0.29      0.24      0.26       133
           6       0.39      0.26      0.31       247
           7       0.43      0.19      0.26        80

    accuracy                           0.65      4816
   macro avg       0.55      0.45      0.48      4816
weighted avg       0.64      0.65      0.64      4816

