              precision    recall  f1-score   support

           0       0.74      0.75      0.75      1820
           1       0.55      0.62      0.58       879
           2       0.51      0.53      0.52       148
           3       0.77      0.71      0.74       816
           4       0.37      0.45      0.41       235
           5       0.45      0.49      0.47       138
           6       0.54      0.28      0.37       239
           7       0.34      0.23      0.28        99

    accuracy                           0.65      4374
   macro avg       0.54      0.51      0.51      4374
weighted avg       0.65      0.65      0.65      4374

